
56 57 58 59 60 61 62 63
48 49 50 51 52 53 54 55
40 41 42 43 44 45 46 47
32 33 34 35 36 37 38 39
24 25 26 27 28 29 30 31
16 17 18 19 20 21 22 23
08 09 10 11 12 13 14 15
00 01 02 03 04 05 06 07



38 39 3A 3B 3C 3D 3E 3F
30 31 32 33 34 35 36 37
28 29 2A 2B 2C 2D 2E 2F
20 21 22 23 24 25 26 27
18 19 1A 1B 1C 1D 1E 1F
10 11 12 13 14 15 16 17
08 09 0A 0B 0C 0D 0E 0F
00 01 02 03 04 05 06 07


正斜棋盤位置圖
7,8,17,26,35,44,53,62,
6,15,16,25,34,43,52,61,
5,14,23,24,33,42,51,60,
4,13,22,31,32,41,50,59,
3,12,21,30,39,40,49,58,
2,11,20,29,38,47,48,57,
1,10,19,28,37,46,55,56,
0,9,18,27,36,45,54,63

反斜棋盤位置圖
0,15,22,29,36,43,50,57,
1,8,23,30,37,44,51,58,
2,9,16,31,38,45,52,59,
3,10,17,24,39,46,53,60,
4,11,18,25,32,47,54,61,
5,12,19,26,33,40,55,62,
6,13,20,27,34,41,48,63,
7,14,21,28,35,42,49,56		